{
 "cells": [
  {
   "cell_type": "markdown",
   "id": "471ae286",
   "metadata": {},
   "source": [
    "# Pairs Trading"
   ]
  },
  {
   "cell_type": "code",
   "execution_count": 1,
   "id": "97c42626",
   "metadata": {},
   "outputs": [],
   "source": [
    "from typing import List, Union\n",
    "\n",
    "import matplotlib.pyplot as plt\n",
    "import numpy as np\n",
    "import pandas as pd\n",
    "import plotly.graph_objects as go\n",
    "from plotly.subplots import make_subplots\n",
    "import seaborn as sns\n",
    "import yfinance as yf\n",
    "\n",
    "sns.set_theme()"
   ]
  },
  {
   "cell_type": "code",
   "execution_count": 2,
   "id": "ee2917a6",
   "metadata": {},
   "outputs": [],
   "source": [
    "def get_stocks_data(tickers: List[str],\n",
    "                    freq: str = \"1d\",\n",
    "                    start_date: Union[str, None] = None,\n",
    "                    end_date: Union[str, None] = None) -> pd.DataFrame:\n",
    "    df = pd.DataFrame()\n",
    "    for ticker in tickers:\n",
    "        stock = yf.Ticker(ticker)\n",
    "        stock_data = stock.history(period=freq, start=start_date, end=end_date).Close\n",
    "        df = pd.concat([df, stock_data], axis=1)\n",
    "    \n",
    "    df.columns = tickers\n",
    "    return df"
   ]
  },
  {
   "cell_type": "code",
   "execution_count": 3,
   "id": "baa5a943",
   "metadata": {},
   "outputs": [],
   "source": [
    "tickers = [\"DPZ\", \"AAPL\", \"GOOG\", \"AMD\", \"GME\", \"SPY\", \"NFLX\", \"BA\",\n",
    "           \"WMT\", \"GS\", \"XOM\", \"NKE\", \"META\", \"BRK-B\", \"MSFT\"]\n",
    "data = get_stocks_data(tickers, start_date=\"2020-01-01\", end_date=\"2023-06-01\")"
   ]
  },
  {
   "cell_type": "code",
   "execution_count": 4,
   "id": "83b8407a",
   "metadata": {},
   "outputs": [
    {
     "data": {
      "text/html": [
       "<div>\n",
       "<style scoped>\n",
       "    .dataframe tbody tr th:only-of-type {\n",
       "        vertical-align: middle;\n",
       "    }\n",
       "\n",
       "    .dataframe tbody tr th {\n",
       "        vertical-align: top;\n",
       "    }\n",
       "\n",
       "    .dataframe thead th {\n",
       "        text-align: right;\n",
       "    }\n",
       "</style>\n",
       "<table border=\"1\" class=\"dataframe\">\n",
       "  <thead>\n",
       "    <tr style=\"text-align: right;\">\n",
       "      <th></th>\n",
       "      <th>DPZ</th>\n",
       "      <th>AAPL</th>\n",
       "      <th>GOOG</th>\n",
       "      <th>AMD</th>\n",
       "      <th>GME</th>\n",
       "      <th>SPY</th>\n",
       "      <th>NFLX</th>\n",
       "      <th>BA</th>\n",
       "      <th>WMT</th>\n",
       "      <th>GS</th>\n",
       "      <th>XOM</th>\n",
       "      <th>NKE</th>\n",
       "      <th>META</th>\n",
       "      <th>BRK-B</th>\n",
       "      <th>MSFT</th>\n",
       "    </tr>\n",
       "  </thead>\n",
       "  <tbody>\n",
       "    <tr>\n",
       "      <th>2020-01-02 00:00:00-05:00</th>\n",
       "      <td>282.840210</td>\n",
       "      <td>73.347939</td>\n",
       "      <td>68.368500</td>\n",
       "      <td>49.099998</td>\n",
       "      <td>1.5775</td>\n",
       "      <td>307.375702</td>\n",
       "      <td>329.809998</td>\n",
       "      <td>331.348572</td>\n",
       "      <td>112.483604</td>\n",
       "      <td>215.880463</td>\n",
       "      <td>58.530796</td>\n",
       "      <td>98.803711</td>\n",
       "      <td>209.779999</td>\n",
       "      <td>228.389999</td>\n",
       "      <td>155.422058</td>\n",
       "    </tr>\n",
       "    <tr>\n",
       "      <th>2020-01-03 00:00:00-05:00</th>\n",
       "      <td>284.064514</td>\n",
       "      <td>72.634842</td>\n",
       "      <td>68.032997</td>\n",
       "      <td>48.599998</td>\n",
       "      <td>1.4700</td>\n",
       "      <td>305.048126</td>\n",
       "      <td>325.899994</td>\n",
       "      <td>330.791901</td>\n",
       "      <td>111.490601</td>\n",
       "      <td>213.356079</td>\n",
       "      <td>58.060242</td>\n",
       "      <td>98.533028</td>\n",
       "      <td>208.669998</td>\n",
       "      <td>226.179993</td>\n",
       "      <td>153.486755</td>\n",
       "    </tr>\n",
       "    <tr>\n",
       "      <th>2020-01-06 00:00:00-05:00</th>\n",
       "      <td>283.370483</td>\n",
       "      <td>73.213623</td>\n",
       "      <td>69.710503</td>\n",
       "      <td>48.389999</td>\n",
       "      <td>1.4625</td>\n",
       "      <td>306.211914</td>\n",
       "      <td>335.829987</td>\n",
       "      <td>331.766083</td>\n",
       "      <td>111.263618</td>\n",
       "      <td>215.539597</td>\n",
       "      <td>58.506031</td>\n",
       "      <td>98.446022</td>\n",
       "      <td>212.600006</td>\n",
       "      <td>226.990005</td>\n",
       "      <td>153.883530</td>\n",
       "    </tr>\n",
       "    <tr>\n",
       "      <th>2020-01-07 00:00:00-05:00</th>\n",
       "      <td>281.346069</td>\n",
       "      <td>72.869293</td>\n",
       "      <td>69.667000</td>\n",
       "      <td>48.250000</td>\n",
       "      <td>1.3800</td>\n",
       "      <td>305.350861</td>\n",
       "      <td>330.750000</td>\n",
       "      <td>335.285156</td>\n",
       "      <td>110.232796</td>\n",
       "      <td>216.958405</td>\n",
       "      <td>58.027218</td>\n",
       "      <td>98.397682</td>\n",
       "      <td>213.059998</td>\n",
       "      <td>225.919998</td>\n",
       "      <td>152.480438</td>\n",
       "    </tr>\n",
       "    <tr>\n",
       "      <th>2020-01-08 00:00:00-05:00</th>\n",
       "      <td>280.102478</td>\n",
       "      <td>74.041489</td>\n",
       "      <td>70.216003</td>\n",
       "      <td>47.830002</td>\n",
       "      <td>1.4300</td>\n",
       "      <td>306.978271</td>\n",
       "      <td>339.260010</td>\n",
       "      <td>329.410095</td>\n",
       "      <td>109.854500</td>\n",
       "      <td>219.049759</td>\n",
       "      <td>57.152157</td>\n",
       "      <td>98.175331</td>\n",
       "      <td>215.220001</td>\n",
       "      <td>225.990005</td>\n",
       "      <td>154.909195</td>\n",
       "    </tr>\n",
       "  </tbody>\n",
       "</table>\n",
       "</div>"
      ],
      "text/plain": [
       "                                  DPZ       AAPL       GOOG        AMD  \\\n",
       "2020-01-02 00:00:00-05:00  282.840210  73.347939  68.368500  49.099998   \n",
       "2020-01-03 00:00:00-05:00  284.064514  72.634842  68.032997  48.599998   \n",
       "2020-01-06 00:00:00-05:00  283.370483  73.213623  69.710503  48.389999   \n",
       "2020-01-07 00:00:00-05:00  281.346069  72.869293  69.667000  48.250000   \n",
       "2020-01-08 00:00:00-05:00  280.102478  74.041489  70.216003  47.830002   \n",
       "\n",
       "                              GME         SPY        NFLX          BA  \\\n",
       "2020-01-02 00:00:00-05:00  1.5775  307.375702  329.809998  331.348572   \n",
       "2020-01-03 00:00:00-05:00  1.4700  305.048126  325.899994  330.791901   \n",
       "2020-01-06 00:00:00-05:00  1.4625  306.211914  335.829987  331.766083   \n",
       "2020-01-07 00:00:00-05:00  1.3800  305.350861  330.750000  335.285156   \n",
       "2020-01-08 00:00:00-05:00  1.4300  306.978271  339.260010  329.410095   \n",
       "\n",
       "                                  WMT          GS        XOM        NKE  \\\n",
       "2020-01-02 00:00:00-05:00  112.483604  215.880463  58.530796  98.803711   \n",
       "2020-01-03 00:00:00-05:00  111.490601  213.356079  58.060242  98.533028   \n",
       "2020-01-06 00:00:00-05:00  111.263618  215.539597  58.506031  98.446022   \n",
       "2020-01-07 00:00:00-05:00  110.232796  216.958405  58.027218  98.397682   \n",
       "2020-01-08 00:00:00-05:00  109.854500  219.049759  57.152157  98.175331   \n",
       "\n",
       "                                 META       BRK-B        MSFT  \n",
       "2020-01-02 00:00:00-05:00  209.779999  228.389999  155.422058  \n",
       "2020-01-03 00:00:00-05:00  208.669998  226.179993  153.486755  \n",
       "2020-01-06 00:00:00-05:00  212.600006  226.990005  153.883530  \n",
       "2020-01-07 00:00:00-05:00  213.059998  225.919998  152.480438  \n",
       "2020-01-08 00:00:00-05:00  215.220001  225.990005  154.909195  "
      ]
     },
     "execution_count": 4,
     "metadata": {},
     "output_type": "execute_result"
    }
   ],
   "source": [
    "data.head()"
   ]
  },
  {
   "cell_type": "code",
   "execution_count": 5,
   "id": "dc30924d",
   "metadata": {},
   "outputs": [
    {
     "data": {
      "text/html": [
       "<div>\n",
       "<style scoped>\n",
       "    .dataframe tbody tr th:only-of-type {\n",
       "        vertical-align: middle;\n",
       "    }\n",
       "\n",
       "    .dataframe tbody tr th {\n",
       "        vertical-align: top;\n",
       "    }\n",
       "\n",
       "    .dataframe thead th {\n",
       "        text-align: right;\n",
       "    }\n",
       "</style>\n",
       "<table border=\"1\" class=\"dataframe\">\n",
       "  <thead>\n",
       "    <tr style=\"text-align: right;\">\n",
       "      <th></th>\n",
       "      <th>DPZ</th>\n",
       "      <th>AAPL</th>\n",
       "      <th>GOOG</th>\n",
       "      <th>AMD</th>\n",
       "      <th>GME</th>\n",
       "      <th>SPY</th>\n",
       "      <th>NFLX</th>\n",
       "      <th>BA</th>\n",
       "      <th>WMT</th>\n",
       "      <th>GS</th>\n",
       "      <th>XOM</th>\n",
       "      <th>NKE</th>\n",
       "      <th>META</th>\n",
       "      <th>BRK-B</th>\n",
       "      <th>MSFT</th>\n",
       "    </tr>\n",
       "  </thead>\n",
       "  <tbody>\n",
       "    <tr>\n",
       "      <th>DPZ</th>\n",
       "      <td>1.000000</td>\n",
       "      <td>0.383574</td>\n",
       "      <td>0.700732</td>\n",
       "      <td>0.701988</td>\n",
       "      <td>0.566189</td>\n",
       "      <td>0.570340</td>\n",
       "      <td>0.623244</td>\n",
       "      <td>0.057971</td>\n",
       "      <td>0.309777</td>\n",
       "      <td>0.473827</td>\n",
       "      <td>-0.259402</td>\n",
       "      <td>0.771480</td>\n",
       "      <td>0.717493</td>\n",
       "      <td>0.192612</td>\n",
       "      <td>0.583312</td>\n",
       "    </tr>\n",
       "    <tr>\n",
       "      <th>AAPL</th>\n",
       "      <td>0.383574</td>\n",
       "      <td>1.000000</td>\n",
       "      <td>0.808784</td>\n",
       "      <td>0.767620</td>\n",
       "      <td>0.619057</td>\n",
       "      <td>0.911643</td>\n",
       "      <td>-0.092968</td>\n",
       "      <td>-0.097769</td>\n",
       "      <td>0.755696</td>\n",
       "      <td>0.809647</td>\n",
       "      <td>0.635400</td>\n",
       "      <td>0.582723</td>\n",
       "      <td>0.110551</td>\n",
       "      <td>0.876402</td>\n",
       "      <td>0.919964</td>\n",
       "    </tr>\n",
       "    <tr>\n",
       "      <th>GOOG</th>\n",
       "      <td>0.700732</td>\n",
       "      <td>0.808784</td>\n",
       "      <td>1.000000</td>\n",
       "      <td>0.844866</td>\n",
       "      <td>0.834958</td>\n",
       "      <td>0.939367</td>\n",
       "      <td>0.238779</td>\n",
       "      <td>0.136513</td>\n",
       "      <td>0.558621</td>\n",
       "      <td>0.849604</td>\n",
       "      <td>0.298869</td>\n",
       "      <td>0.788432</td>\n",
       "      <td>0.489336</td>\n",
       "      <td>0.746834</td>\n",
       "      <td>0.929839</td>\n",
       "    </tr>\n",
       "    <tr>\n",
       "      <th>AMD</th>\n",
       "      <td>0.701988</td>\n",
       "      <td>0.767620</td>\n",
       "      <td>0.844866</td>\n",
       "      <td>1.000000</td>\n",
       "      <td>0.571454</td>\n",
       "      <td>0.822044</td>\n",
       "      <td>0.384550</td>\n",
       "      <td>0.058018</td>\n",
       "      <td>0.571851</td>\n",
       "      <td>0.637571</td>\n",
       "      <td>0.138457</td>\n",
       "      <td>0.816879</td>\n",
       "      <td>0.529118</td>\n",
       "      <td>0.573258</td>\n",
       "      <td>0.872265</td>\n",
       "    </tr>\n",
       "    <tr>\n",
       "      <th>GME</th>\n",
       "      <td>0.566189</td>\n",
       "      <td>0.619057</td>\n",
       "      <td>0.834958</td>\n",
       "      <td>0.571454</td>\n",
       "      <td>1.000000</td>\n",
       "      <td>0.790670</td>\n",
       "      <td>0.180862</td>\n",
       "      <td>0.153249</td>\n",
       "      <td>0.411881</td>\n",
       "      <td>0.818070</td>\n",
       "      <td>0.286183</td>\n",
       "      <td>0.629468</td>\n",
       "      <td>0.394545</td>\n",
       "      <td>0.632247</td>\n",
       "      <td>0.727744</td>\n",
       "    </tr>\n",
       "    <tr>\n",
       "      <th>SPY</th>\n",
       "      <td>0.570340</td>\n",
       "      <td>0.911643</td>\n",
       "      <td>0.939367</td>\n",
       "      <td>0.822044</td>\n",
       "      <td>0.790670</td>\n",
       "      <td>1.000000</td>\n",
       "      <td>0.139970</td>\n",
       "      <td>0.178275</td>\n",
       "      <td>0.712990</td>\n",
       "      <td>0.932063</td>\n",
       "      <td>0.498558</td>\n",
       "      <td>0.780049</td>\n",
       "      <td>0.354722</td>\n",
       "      <td>0.871742</td>\n",
       "      <td>0.948837</td>\n",
       "    </tr>\n",
       "    <tr>\n",
       "      <th>NFLX</th>\n",
       "      <td>0.623244</td>\n",
       "      <td>-0.092968</td>\n",
       "      <td>0.238779</td>\n",
       "      <td>0.384550</td>\n",
       "      <td>0.180862</td>\n",
       "      <td>0.139970</td>\n",
       "      <td>1.000000</td>\n",
       "      <td>0.385268</td>\n",
       "      <td>0.134414</td>\n",
       "      <td>0.062884</td>\n",
       "      <td>-0.649918</td>\n",
       "      <td>0.622811</td>\n",
       "      <td>0.845022</td>\n",
       "      <td>-0.285887</td>\n",
       "      <td>0.134383</td>\n",
       "    </tr>\n",
       "    <tr>\n",
       "      <th>BA</th>\n",
       "      <td>0.057971</td>\n",
       "      <td>-0.097769</td>\n",
       "      <td>0.136513</td>\n",
       "      <td>0.058018</td>\n",
       "      <td>0.153249</td>\n",
       "      <td>0.178275</td>\n",
       "      <td>0.385268</td>\n",
       "      <td>1.000000</td>\n",
       "      <td>-0.041671</td>\n",
       "      <td>0.212319</td>\n",
       "      <td>-0.137705</td>\n",
       "      <td>0.361153</td>\n",
       "      <td>0.422148</td>\n",
       "      <td>0.060314</td>\n",
       "      <td>0.011370</td>\n",
       "    </tr>\n",
       "    <tr>\n",
       "      <th>WMT</th>\n",
       "      <td>0.309777</td>\n",
       "      <td>0.755696</td>\n",
       "      <td>0.558621</td>\n",
       "      <td>0.571851</td>\n",
       "      <td>0.411881</td>\n",
       "      <td>0.712990</td>\n",
       "      <td>0.134414</td>\n",
       "      <td>-0.041671</td>\n",
       "      <td>1.000000</td>\n",
       "      <td>0.633542</td>\n",
       "      <td>0.428779</td>\n",
       "      <td>0.584490</td>\n",
       "      <td>0.195017</td>\n",
       "      <td>0.676177</td>\n",
       "      <td>0.684364</td>\n",
       "    </tr>\n",
       "    <tr>\n",
       "      <th>GS</th>\n",
       "      <td>0.473827</td>\n",
       "      <td>0.809647</td>\n",
       "      <td>0.849604</td>\n",
       "      <td>0.637571</td>\n",
       "      <td>0.818070</td>\n",
       "      <td>0.932063</td>\n",
       "      <td>0.062884</td>\n",
       "      <td>0.212319</td>\n",
       "      <td>0.633542</td>\n",
       "      <td>1.000000</td>\n",
       "      <td>0.600722</td>\n",
       "      <td>0.671548</td>\n",
       "      <td>0.219258</td>\n",
       "      <td>0.853923</td>\n",
       "      <td>0.845088</td>\n",
       "    </tr>\n",
       "    <tr>\n",
       "      <th>XOM</th>\n",
       "      <td>-0.259402</td>\n",
       "      <td>0.635400</td>\n",
       "      <td>0.298869</td>\n",
       "      <td>0.138457</td>\n",
       "      <td>0.286183</td>\n",
       "      <td>0.498558</td>\n",
       "      <td>-0.649918</td>\n",
       "      <td>-0.137705</td>\n",
       "      <td>0.428779</td>\n",
       "      <td>0.600722</td>\n",
       "      <td>1.000000</td>\n",
       "      <td>-0.048370</td>\n",
       "      <td>-0.548041</td>\n",
       "      <td>0.790211</td>\n",
       "      <td>0.480452</td>\n",
       "    </tr>\n",
       "    <tr>\n",
       "      <th>NKE</th>\n",
       "      <td>0.771480</td>\n",
       "      <td>0.582723</td>\n",
       "      <td>0.788432</td>\n",
       "      <td>0.816879</td>\n",
       "      <td>0.629468</td>\n",
       "      <td>0.780049</td>\n",
       "      <td>0.622811</td>\n",
       "      <td>0.361153</td>\n",
       "      <td>0.584490</td>\n",
       "      <td>0.671548</td>\n",
       "      <td>-0.048370</td>\n",
       "      <td>1.000000</td>\n",
       "      <td>0.750561</td>\n",
       "      <td>0.446830</td>\n",
       "      <td>0.721464</td>\n",
       "    </tr>\n",
       "    <tr>\n",
       "      <th>META</th>\n",
       "      <td>0.717493</td>\n",
       "      <td>0.110551</td>\n",
       "      <td>0.489336</td>\n",
       "      <td>0.529118</td>\n",
       "      <td>0.394545</td>\n",
       "      <td>0.354722</td>\n",
       "      <td>0.845022</td>\n",
       "      <td>0.422148</td>\n",
       "      <td>0.195017</td>\n",
       "      <td>0.219258</td>\n",
       "      <td>-0.548041</td>\n",
       "      <td>0.750561</td>\n",
       "      <td>1.000000</td>\n",
       "      <td>-0.063299</td>\n",
       "      <td>0.345685</td>\n",
       "    </tr>\n",
       "    <tr>\n",
       "      <th>BRK-B</th>\n",
       "      <td>0.192612</td>\n",
       "      <td>0.876402</td>\n",
       "      <td>0.746834</td>\n",
       "      <td>0.573258</td>\n",
       "      <td>0.632247</td>\n",
       "      <td>0.871742</td>\n",
       "      <td>-0.285887</td>\n",
       "      <td>0.060314</td>\n",
       "      <td>0.676177</td>\n",
       "      <td>0.853923</td>\n",
       "      <td>0.790211</td>\n",
       "      <td>0.446830</td>\n",
       "      <td>-0.063299</td>\n",
       "      <td>1.000000</td>\n",
       "      <td>0.814253</td>\n",
       "    </tr>\n",
       "    <tr>\n",
       "      <th>MSFT</th>\n",
       "      <td>0.583312</td>\n",
       "      <td>0.919964</td>\n",
       "      <td>0.929839</td>\n",
       "      <td>0.872265</td>\n",
       "      <td>0.727744</td>\n",
       "      <td>0.948837</td>\n",
       "      <td>0.134383</td>\n",
       "      <td>0.011370</td>\n",
       "      <td>0.684364</td>\n",
       "      <td>0.845088</td>\n",
       "      <td>0.480452</td>\n",
       "      <td>0.721464</td>\n",
       "      <td>0.345685</td>\n",
       "      <td>0.814253</td>\n",
       "      <td>1.000000</td>\n",
       "    </tr>\n",
       "  </tbody>\n",
       "</table>\n",
       "</div>"
      ],
      "text/plain": [
       "            DPZ      AAPL      GOOG       AMD       GME       SPY      NFLX  \\\n",
       "DPZ    1.000000  0.383574  0.700732  0.701988  0.566189  0.570340  0.623244   \n",
       "AAPL   0.383574  1.000000  0.808784  0.767620  0.619057  0.911643 -0.092968   \n",
       "GOOG   0.700732  0.808784  1.000000  0.844866  0.834958  0.939367  0.238779   \n",
       "AMD    0.701988  0.767620  0.844866  1.000000  0.571454  0.822044  0.384550   \n",
       "GME    0.566189  0.619057  0.834958  0.571454  1.000000  0.790670  0.180862   \n",
       "SPY    0.570340  0.911643  0.939367  0.822044  0.790670  1.000000  0.139970   \n",
       "NFLX   0.623244 -0.092968  0.238779  0.384550  0.180862  0.139970  1.000000   \n",
       "BA     0.057971 -0.097769  0.136513  0.058018  0.153249  0.178275  0.385268   \n",
       "WMT    0.309777  0.755696  0.558621  0.571851  0.411881  0.712990  0.134414   \n",
       "GS     0.473827  0.809647  0.849604  0.637571  0.818070  0.932063  0.062884   \n",
       "XOM   -0.259402  0.635400  0.298869  0.138457  0.286183  0.498558 -0.649918   \n",
       "NKE    0.771480  0.582723  0.788432  0.816879  0.629468  0.780049  0.622811   \n",
       "META   0.717493  0.110551  0.489336  0.529118  0.394545  0.354722  0.845022   \n",
       "BRK-B  0.192612  0.876402  0.746834  0.573258  0.632247  0.871742 -0.285887   \n",
       "MSFT   0.583312  0.919964  0.929839  0.872265  0.727744  0.948837  0.134383   \n",
       "\n",
       "             BA       WMT        GS       XOM       NKE      META     BRK-B  \\\n",
       "DPZ    0.057971  0.309777  0.473827 -0.259402  0.771480  0.717493  0.192612   \n",
       "AAPL  -0.097769  0.755696  0.809647  0.635400  0.582723  0.110551  0.876402   \n",
       "GOOG   0.136513  0.558621  0.849604  0.298869  0.788432  0.489336  0.746834   \n",
       "AMD    0.058018  0.571851  0.637571  0.138457  0.816879  0.529118  0.573258   \n",
       "GME    0.153249  0.411881  0.818070  0.286183  0.629468  0.394545  0.632247   \n",
       "SPY    0.178275  0.712990  0.932063  0.498558  0.780049  0.354722  0.871742   \n",
       "NFLX   0.385268  0.134414  0.062884 -0.649918  0.622811  0.845022 -0.285887   \n",
       "BA     1.000000 -0.041671  0.212319 -0.137705  0.361153  0.422148  0.060314   \n",
       "WMT   -0.041671  1.000000  0.633542  0.428779  0.584490  0.195017  0.676177   \n",
       "GS     0.212319  0.633542  1.000000  0.600722  0.671548  0.219258  0.853923   \n",
       "XOM   -0.137705  0.428779  0.600722  1.000000 -0.048370 -0.548041  0.790211   \n",
       "NKE    0.361153  0.584490  0.671548 -0.048370  1.000000  0.750561  0.446830   \n",
       "META   0.422148  0.195017  0.219258 -0.548041  0.750561  1.000000 -0.063299   \n",
       "BRK-B  0.060314  0.676177  0.853923  0.790211  0.446830 -0.063299  1.000000   \n",
       "MSFT   0.011370  0.684364  0.845088  0.480452  0.721464  0.345685  0.814253   \n",
       "\n",
       "           MSFT  \n",
       "DPZ    0.583312  \n",
       "AAPL   0.919964  \n",
       "GOOG   0.929839  \n",
       "AMD    0.872265  \n",
       "GME    0.727744  \n",
       "SPY    0.948837  \n",
       "NFLX   0.134383  \n",
       "BA     0.011370  \n",
       "WMT    0.684364  \n",
       "GS     0.845088  \n",
       "XOM    0.480452  \n",
       "NKE    0.721464  \n",
       "META   0.345685  \n",
       "BRK-B  0.814253  \n",
       "MSFT   1.000000  "
      ]
     },
     "execution_count": 5,
     "metadata": {},
     "output_type": "execute_result"
    }
   ],
   "source": [
    "data.corr()"
   ]
  },
  {
   "cell_type": "code",
   "execution_count": 6,
   "id": "ffee9c5a",
   "metadata": {},
   "outputs": [
    {
     "data": {
